_MK_,MK34567,Roo Kids On The Block,491,6457,6948,17,78,95,636,1732,4485,32
AmbaLaBamba,x-Kohaku,Dabaholics Anonymous,311,7746,8057,5,125,130,749,1849,5329,35
AppleKratue,AppleKratue,My Waifu Is Still Better Than Yours,186,7022,7208,7,127,134,550,1775,4749,33
Arturia,syaoran369,My Waifu Is Still Better Than Yours,530,20203,20733,2,397,399,1655,4951,13728,70
Ashbo82,Bungles--Finger,My Drinking Team Has A Trophy Problem,332,7802,8134,14,163,177,1107,1895,4955,39
AshtimusPrime,Asher1985,Game of Moans: The Second Coming,58,8618,8676,2,139,141,771,2175,5589,37
Attack-Trik,Attack-Trik,Professor V.J. Cornucopia's Fantastic Foodmagorium and Great American Steakery,490,12246,12736,11,192,203,942,3103,8488,47
Azoth658,Azoth658,Game of Moans: The Second Coming,251,15778,16029,10,189,199,1175,3373,11282,54
Bic80,Bic80,The Backdoor Bandits,534,11746,12280,18,210,228,1228,3227,7597,49
bigdrama,bigdrama,Professor V.J. Cornucopia's Fantastic Foodmagorium and Great American Steakery,453,13138,13591,15,239,254,1247,3077,9013,51
BinkUncia,BinkUncia,My Drinking Team Has A Trophy Problem,489,10091,10580,13,148,161,959,2636,6824,42
Blaze Naruto Shippuden,Leo_the_Lion25,Mighty Morphin Trophy Rangers,1574,14459,16033,50,264,314,1874,4198,9647,62
BreadSkin,BreadSkin,TBC,398,22037,22435,13,448,461,2006,5236,14732,77
broadsword93,broadsword93,Started from the bottom... and still sofa king here,258,8046,8304,8,139,147,639,1801,5717,35
C-IRVINE-94,C-IRVINE-94,The Backdoor Bandits,199,12425,12624,7,210,217,1029,2971,8407,47
Carbon_lancer,Carbon_lancer,To Infinity and Beyond,38,11331,11369,0,113,113,823,2428,8005,41
CatNZ,korncat666,Snakes in the Grass,3590,12331,15921,124,235,359,1931,4236,9395,63
cbchaos67,cbchaos67,The Backdoor Bandits,249,13572,13821,10,219,229,987,3257,9348,49
clayser,clayser,THS,656,4612,5268,14,70,84,457,1306,3421,27
Combatting,Combatting,Professor V.J. Cornucopia's Fantastic Foodmagorium and Great American Steakery,216,11294,11510,6,180,186,980,2719,7625,44
DaEastside,Da-Eastside,Roo Kids On The Block,2546,19551,22097,74,386,460,2145,5080,14412,77
DaFaztFingaz,DaFaztFingaz,Professor V.J. Cornucopia's Fantastic Foodmagorium and Great American Steakery,154,4914,5068,5,78,83,351,1084,3550,26
Dark_Adonis,Dark_Adonis,Started from the bottom... and still sofa king here,387,21049,21436,8,309,317,1474,4574,15071,68
Dark_Raven666,Dark_Raven666,Super Gamindustri 64,200,21140,21340,3,417,420,1790,5130,14000,73
Darth_Krid,Darth_Krid,Snakes in the Grass,4114,15455,19569,149,341,490,2919,5396,10764,80
Deceiver,XxDecieverxX,Super Gamindustri 64,497,7462,7959,12,125,137,518,1792,5512,33
Dino_Roar,Dino_Roar,Started from the bottom... and still sofa king here,1032,15632,16664,35,342,377,2047,4362,9878,66
DISCOKING,DISCOKING,People Doing Casual Things,315,11604,11919,14,218,232,1041,2742,7904,46
diskdocx,diskdocx,Hail to the Ping Baby,1248,23791,25039,47,517,564,3168,6531,14776,93
djhmetfan2,TrophyDad,Mighty Morphin Trophy Rangers,2252,33400,35652,61,550,611,3901,9014,22126,119
Dolken,Dolken_swe,THS,535,13066,13601,20,166,186,1130,3246,9039,50
DPatriot,DPatriot,THS,199,7037,7236,5,132,137,521,1524,5054,32
DrHambone,DrHambone,Who Needs Platinum's When You Can Get Lots of Bronzes?,521,9364,9885,13,116,129,898,2175,6683,40
Eric-B14,bubman2,The Leftovers,118,8903,9021,1,108,109,549,1850,6513,35
esstee11,esstee11,Started from the bottom... and still sofa king here,1525,3551,5076,43,76,119,767,1245,2945,30
fancyfox,Fancy_Fox,My Waifu Is Still Better Than Yours,439,15107,15546,13,260,273,1065,3274,10934,53
finally a devil,John_Smith2010,Lord of the Pings,373,5813,6186,8,67,75,361,1129,4621,28
fisty123,fisty123,My Waifu Is Still Better Than Yours,1472,16238,17710,56,306,362,2215,4536,10597,69
Foxyfox,Belle_Arelle,The Trophy Avengers,1322,4738,6060,36,80,116,659,1711,3574,31
frosteeeh21,frosteeeh21,The Leftovers,118,11033,11151,4,95,99,623,2473,7956,39
funkyweed,funkyweed,TBC,164,8381,8545,7,156,163,1011,2236,5135,39
Fynn84,Infynnity84,Team Sleep,107,1746,1853,6,18,24,156,409,1264,16
Gage,ggamer15,Snakes in the Grass,1987,29456,31443,79,570,649,4055,7979,18760,113
Gashead-64,Gashead-64,Lord of the Pings,334,3173,3507,9,51,60,335,887,2225,22
GAZDAN,GAZDAN,My Drinking Team Has A Trophy Problem,692,16258,16950,23,354,377,1834,4559,10180,65
GearsOfTheDead,GearsOfTheDead,Lord of the Pings,567,3271,3838,18,56,74,450,880,2434,24
genolas77,genolas77,Started from the bottom... and still sofa king here,656,14027,14683,23,269,292,1431,3614,9346,56
guylian,guylian,Team Sleep,156,8140,8296,3,128,131,683,1876,5606,35
HaoleDave,HaoleDave,The Leftovers,605,6271,6876,22,104,126,656,1985,4109,33
Haptism,Izularia,Super Gamindustri 64,472,12478,12950,14,221,235,1192,3330,8193,50
hBLOXs,hBLOXs,Who Needs Platinum's When You Can Get Lots of Bronzes?,598,8004,8602,11,164,175,898,1878,5651,38
HellCu3ED,HellCu3ED,To Infinity and Beyond,349,11955,12304,10,251,261,1077,2802,8164,48
honda hoe,HondaHoe,People Doing Casual Things,71,6656,6727,4,147,151,764,1929,3883,34
I Bleed Green,Quickie_Lindsay,Who Needs Platinum's When You Can Get Lots of Bronzes?,102,8130,8232,2,65,67,513,1587,6065,32
iLion,lion1325478,People Doing Casual Things,621,6624,7245,13,131,144,852,1796,4453,35
IM NaMTaB,malachi1987,The Trophy Avengers,280,7111,7391,11,75,86,576,1621,5108,32
JayPBM,JayPBM,Hail to the Ping Baby,287,13444,13731,10,223,233,1389,3385,8724,53
Jerry Appleby,Jerry_Appleby,The Trophy Avengers,430,21189,21619,12,403,415,1863,5122,14219,74
JMeeks,JMeeks1875,The Backdoor Bandits,907,11917,12824,37,221,258,1398,3437,7731,52
Joooooink,Joooooink,THS,379,14413,14792,8,158,166,976,3087,10563,50
JoyPolarTwin,Floreli,Team Sleep,335,10277,10612,12,135,147,802,2136,7527,40
jvaferreira,jvaferreira,Started from the bottom... and still sofa king here,502,8381,8883,13,124,137,521,1784,6441,35
kb420mcl,kb420mcl,Snakes in the Grass,3908,24787,28695,163,464,627,3435,7063,17570,102
kdogg2010,kdogg2010,The Leftovers,365,16676,17041,7,162,169,1203,3648,12021,56
KevlarPrime81,KevlarPrime81,Lord of the Pings,343,957,1300,8,22,30,163,253,854,15
kinjall,kinjall,My Drinking Team Has A Trophy Problem,460,7241,7701,9,130,139,654,1857,5051,34
Kratos2810,WWE_Kratos2810,My Waifu Is Still Better Than Yours,362,9006,9368,9,155,164,675,2044,6485,38
Labartu,whatev0r,TBC,511,9066,9577,9,154,163,746,2383,6285,39
Laburnski,Laburnski,My Waifu Is Still Better Than Yours,687,9017,9704,17,194,211,737,2051,6705,39
leptonic,leptonic,Mighty Morphin Trophy Rangers,1128,28316,29444,58,320,378,2609,6335,20122,92
LionSquid,Lion_Squid,Who Needs Platinum's When You Can Get Lots of Bronzes?,447,7624,8071,9,88,97,478,1546,5950,32
luffybuggy,luffybuggy,Your Bag is Full Please Remove Some Trophies to Continue,642,10448,11090,17,172,189,822,2513,7566,42
Martz,Martz4040,People Doing Casual Things,348,2538,2886,8,37,45,238,640,1963,19
mattigummi,mattigummi45,Team Sleep,284,8068,8352,8,137,145,655,1936,5616,35
Mendel,Mendel_Skimmel,TBC,425,15658,16083,11,278,289,1303,3469,11022,57
MikeKeese,MikeKeese,Snakes in the Grass,2751,21170,23921,104,423,527,2867,6122,14405,88
MikelAL93,Mikel93,Super Gamindustri 64,1093,8546,9639,21,110,131,947,2330,6231,40
Molasar,Molasar,Hail to the Ping Baby,486,13750,14236,9,232,241,971,3452,9572,50
morg106,morg106,Dabaholics Anonymous,1680,9455,11135,58,185,243,1434,3170,6288,49
Multitasking,Multi_Tasking,Lord of the Pings,352,7593,7945,5,114,119,541,1686,5599,33
neahcrow,neahcrow,Mighty Morphin Trophy Rangers,3777,12065,15842,107,141,248,1570,3745,10279,58
NemoG,NemoG,To Infinity and Beyond,97,4968,5065,1,48,49,252,913,3851,24
NightRusticDawn,NightRusticDawn,THS,408,7980,8388,10,149,159,813,1904,5512,37
Noid,The__Noid,Professor V.J. Cornucopia's Fantastic Foodmagorium and Great American Steakery,69,16406,16475,0,178,178,1217,3723,11357,55
nyannyanexpress,broheimexpress,Lord of the Pings,463,9281,9744,11,136,147,891,2335,6371,40
olsen77,olsen77,TBC,489,15011,15500,11,257,268,1225,3633,10374,55
OmegaDenmad,OmegaDenmad,Hail to the Ping Baby,615,22363,22978,26,406,432,2585,5924,14037,83
PainofDemise,PainofDemise,The Backdoor Bandits,200,5728,5928,6,83,89,427,1503,3909,29
pennysticks,ff_pennysticks,The Trophy Avengers,783,9928,10711,26,159,185,1103,2684,6739,44
RED_REBEL44,RED_REBEL44,Professor V.J. Cornucopia's Fantastic Foodmagorium and Great American Steakery,339,28515,28854,12,559,571,3062,7011,18210,99
RemingtonInk,RemingtonInk,Game of Moans: The Second Coming,35,11531,11566,0,222,222,884,2678,7782,44
Resolute,RomanClaret,Dabaholics Anonymous,534,10924,11458,19,159,178,1164,2888,7228,46
Respectable Inn,daco_1979,Who Needs Platinum's When You Can Get Lots of Bronzes?,574,17240,17814,20,330,350,1712,4057,11695,64
Rhasget,Rhasget,THS,656,9893,10549,21,191,212,1092,2568,6677,44
Robinworldwide,Robinworldwide,My Drinking Team Has A Trophy Problem,1486,15061,16547,53,225,278,1662,4091,10516,61
russelguppy,russelguppy,Who Needs Platinum's When You Can Get Lots of Bronzes?,450,10149,10599,8,102,110,756,2392,7341,40
Ryukori,JORDAN23224,Your Bag is Full Please Remove Some Trophies to Continue,555,8438,8993,20,148,168,938,1927,5960,39
saintdave,saintdave-,Your Bag is Full Please Remove Some Trophies to Continue,894,29430,30324,33,544,577,3009,7371,19367,101
Savenger,Savenger,TBC,745,14531,15276,18,279,297,1744,3852,9383,59
Sellers,CaptainSellers,Roo Kids On The Block,1273,18857,20130,50,425,475,2634,5129,11892,78
Seppukun,Seppukun,The Leftovers,196,7590,7786,4,128,132,613,1721,5320,34
Shanehi185,Shanehi185,To Infinity and Beyond,35,9254,9289,1,196,197,866,2537,5689,40
Shinobi X,kiid01,Your Bag is Full Please Remove Some Trophies to Continue,700,8920,9620,17,173,190,785,2067,6578,39
Slamma,slammajamma28,Dabaholics Anonymous,491,7577,8068,10,104,114,643,1884,5427,34
Smartbomb,smartbomb_HD,Roo Kids On The Block,552,1307,1859,17,14,31,227,399,1202,17
SNACH2497,SNACH2497,Mighty Morphin Trophy Rangers,2438,10374,12812,71,135,206,1567,3315,7724,52
snaddef,Snaddef,The Leftovers,132,7306,7438,3,96,99,504,1561,5274,32
soundsfascinating,dagobahhh,Game of Moans: The Second Coming,6,2365,2371,0,19,19,204,503,1645,17
staytrue1985,staytrue1985,The Backdoor Bandits,470,7427,7897,18,144,162,895,1876,4964,37
stgermain,stgermain,Super Gamindustri 64,468,20948,21416,19,419,438,2278,5581,13119,78
SylarTheNinja,SylarTheNinja,Game of Moans: The Second Coming,73,9033,9106,1,132,133,618,2153,6202,36
Szapako,Szapako,Team Sleep,175,4367,4542,5,63,68,333,1016,3125,24
THE-123-GAMER,THE-123-GAMER,Roo Kids On The Block,432,15343,15775,9,195,204,1046,3378,11147,53
TheManUtdFan,FeXcEz-_-Sk1lLzz,Dabaholics Anonymous,567,20015,20582,19,341,360,1880,4993,13349,71
themindisacity,themindisacity,Hail to the Ping Baby,1208,16151,17359,35,339,374,2064,4457,10464,67
ThePriceysRight,ThePriceysRight,Roo Kids On The Block,1304,4188,5492,49,118,167,1235,1788,2302,36
TheRealClayman,TheRealClayman,Hail to the Ping Baby,1830,18988,20818,48,334,382,1812,4954,13670,71
TiNnyzEuS,TiNnyzEuS,To Infinity and Beyond,117,5438,5555,5,100,105,490,1454,3506,29
trophiehunter,Vapion,The Trophy Avengers,572,10827,11399,18,74,92,855,2071,8381,41
TuckNorris85,TuckNorris85,People Doing Casual Things,437,4001,4438,11,61,72,348,851,3167,24
tuffmuff,tuffmuff,Snakes in the Grass,3161,20816,23977,104,444,548,3740,6550,13139,96
TwilightStar,TwilightStar-R,Super Gamindustri 64,285,5408,5693,7,102,109,558,1426,3600,29
twyz,twyz,People Doing Casual Things,545,8081,8626,12,122,134,665,1947,5880,36
VazzVegas,VazzVegas,Your Bag is Full Please Remove Some Trophies to Continue,525,7577,8102,10,142,152,734,2101,5115,36
Velvet,Blood_Velvet,Dabaholics Anonymous,252,11628,11880,6,168,174,1071,2870,7765,46
Vo1cl,Vo1cl,Game of Moans: The Second Coming,69,17956,18025,0,276,276,1466,4265,12018,62
wrestlefanatic77,wrestlefanatic77,Mighty Morphin Trophy Rangers,782,12244,13026,12,162,174,1001,3106,8745,47
Xander45,Hemming87,My Drinking Team Has A Trophy Problem,656,27555,28211,23,384,407,2203,6238,19363,88
XquietusX,XquietusX,To Infinity and Beyond,174,23657,23831,1,388,389,1729,5365,16348,76
xTSx Kezza,Kittikat_Kezza,The Trophy Avengers,144,935,1079,1,5,6,61,210,802,13
xxRC85xx,xxRC85xx,Your Bag is Full Please Remove Some Trophies to Continue,1260,12393,13653,42,277,319,2070,3719,7545,60
Zetberg,Zetberg,Team Sleep,1186,18000,19186,44,338,382,2107,4753,11944,71
